x <- 5
rep(1, 3)
x^2
